<!-- Generator: Adobe Illustrator 19.1.0, SVG Export Plug-In  -->
<svg version="1.1"
	 xmlns="http://www.w3.org/2000/svg" xmlns:xlink="http://www.w3.org/1999/xlink" xmlns:a="http://ns.adobe.com/AdobeSVGViewerExtensions/3.0/"
	 x="0px" y="0px" width="450px" height="260px" viewBox="0 0 450 260" style="overflow:scroll;enable-background:new 0 0 450 260;"
	 xml:space="preserve">
<style type="text/css">
	.st0{fill:#90B716;}
	.st1{fill:#90B716;stroke:#FFFFFF;stroke-miterlimit:10;}
	.st2{fill:none;}
	.st3{fill:#90B716;stroke:#FCFCFC;stroke-miterlimit:10;}
</style>
<defs>
</defs>
<polygon class="st0" points="8.5,135 17.5,131 13,126.5 23,109 30.2,105.3 31.5,99 49.5,87 53.5,81.5 69.5,77.5 74.5,83 82,83.5 
	82,68.5 100.5,52.5 116.5,49.5 120.5,39 108,33 110,23 114.5,23 113,13 120.5,13 120.5,18.5 132,13 140.7,13 145,9 152.5,14 
	158.5,11.5 177.5,23.5 183,25.5 193,17.5 198.5,24.5 198.5,30.8 208.5,35 211.5,44 218,48 218,55 231,55.5 243,72 246.5,65 250,63 
	258,68.5 268.5,86.5 268.5,90 278,89.5 286.5,92.5 289.5,97 297,96.5 301,100 301,117.5 311,119 314,114.5 324,114.5 329.5,110.5 
	335,111 344,109 344,104.5 348.5,104 348.5,97 348.5,90.5 354.5,84.5 365.5,81.5 373.5,81 378.5,85.5 378.5,97 384.5,97 382,105.5 
	388,114.5 401.5,113.5 406.5,110 409,104 418.5,104.5 427,109.5 427,117 436,124 441.5,128.5 441.5,135 436,141.5 438,146 
	434,154.5 434,163.5 427,179 434.5,183 438.5,185.5 437.5,197 428.5,197 425,204.5 416.5,201 418,196.5 412.5,201.5 412,211.5 
	419,215.5 427,224 417.5,234 401.5,241 406,251 370.5,245 365.5,246 317,245.5 328.5,240.5 325,235.5 313.5,238 306,233.5 298,235 
	284.6,226.5 281.5,224.5 272.5,221.5 273.5,226.5 263,227.5 263.5,230.5 276.5,231 277.5,228 282.5,229 291,237.5 299,240.5 
	303.5,244 297,245 285,240 243.5,231.5 230.5,224 234.5,220.5 225,215 218,215 200,209.5 180,196.5 164.5,191 156,185 123,182 
	99.5,178.5 84,175 69,176.5 62.5,173 62.5,164 37.5,148.5 22.5,141 "/>
<polygon class="st1" points="37.5,148.5 22.5,141 8.5,135 17.5,131 13,126.5 23,109 30.2,105.3 31.5,99 49.5,87 53.5,81.5 
	69.5,77.5 74.5,83 82,83.5 88,92 82,107 72,108.5 76,119.5 69,124 71,130 63,148.5 48.3,143.2 "/>
<polygon class="st1" points="37.5,148.5 48.3,143.2 63,148.5 71,130 69,124 76,119.5 72,108.5 82,107 91,107 99.5,116.5 
	101.5,127.8 105,121.5 110,119 119.5,130 127.5,130 133,133.5 125,138 125,143 116,143.5 119,151.5 110,166.5 102.5,175.5 
	102.5,179.5 84,175 69,176.5 62.5,173 62.5,164 "/>
<path class="st2" d="M181.5,196.5"/>
<polygon class="st3" points="235.5,137.5 222.8,128.1 222.8,120.8 219.8,118.3 215,117.5 214.5,113 219.8,105 219.8,102.5 
	232.3,102.5 254.5,92.8 265.8,92.8 268.5,90 278,89.5 286.5,92.5 289.5,97 297,96.5 301,100 301,117.5 301,123 298.5,126.3 
	298.7,138.7 294.5,139.3 286.5,140.8 274.5,132.3 261.3,130 241,133.5 237.3,136.3 "/>
<polygon class="st3" points="238.5,228.6 239.8,221 246.3,216.5 244.3,206.3 248.5,203.8 248.5,198.8 243.3,195.7 241.8,185.3 
	243.8,175.5 236.7,166.2 231.3,166.2 230,163.5 232.5,157.8 228.8,153 235.5,149.8 235.5,145 235.5,137.5 237.3,136.3 241,133.5 
	261.3,130 274.5,132.3 286.5,140.8 294.5,139.3 298.7,138.7 299.1,143.3 303.5,148.5 301,153.7 289.5,163.8 284.5,167.8 
	278.3,167.5 276.5,172 268.5,176 266.1,190.3 260.5,199.3 257.8,210.7 257.8,214.8 253,215.8 252.8,220 244.8,225 243.5,231.5 "/>
<polygon class="st3" points="243.5,231.5 244.8,225 252.8,220 253,215.8 257.8,214.8 257.8,210.7 260.5,199.3 266.1,190.3 
	268.5,176 276.5,172 278.3,167.5 284.5,167.8 289.5,163.8 301,153.7 303.5,148.5 310.5,150 315.8,155.5 321.8,155.5 321.8,164.3 
	323.8,167.5 319.3,167.8 319.3,174.3 321.8,177 321.8,182.8 316.5,192 320.8,197.5 321.8,201.5 319.5,206.8 320,210.3 323.8,209 
	327.3,213.3 333.8,214 335.5,218.8 330,225.8 333,230 337.5,230 336.8,223.3 340.3,219.8 346,219.8 346,224.3 348.8,224.5 
	348.8,228.6 346.3,231.5 350.3,233.8 353.8,231.5 359,232.5 362,240.8 367.3,245.6 317,245.5 328.5,240.5 325,235.5 313.5,238 
	306,233.5 298,235 284.6,226.5 281.5,224.5 272.5,221.5 273.5,226.5 263,227.5 263.5,230.5 276.5,231 277.5,228 282.5,229 
	291,237.5 299,240.5 303.5,244 297,245 285,240 "/>
<polygon class="st3" points="367.3,245.6 362,240.8 359,232.5 353.8,231.5 350.3,233.8 346.3,231.5 348.8,228.6 348.8,224.5 
	346,224.3 346,219.8 340.3,219.8 336.8,223.3 337.5,230 333,230 330,225.8 335.5,218.8 333.8,214 327.3,213.3 323.8,209 320,210.3 
	319.5,206.8 321.8,201.5 320.8,197.5 316.5,192 321.8,182.8 321.8,177 319.3,174.3 319.3,167.8 323.8,167.5 321.8,164.3 
	321.8,155.5 315.8,155.5 310.5,150 303.5,148.5 299.1,143.3 298.7,138.7 298.5,126.3 301,123 301,117.5 311,119 314,114.5 
	324,114.5 329.5,110.5 335,111 344,109 343.8,119.4 340.5,125.8 346.8,133.8 347.8,139.3 340.5,144.3 341,148.5 349.5,160.5 
	351.3,166.5 353.8,163.8 363.3,163.8 364.8,165.8 363,171 367.3,172 370.3,177.3 382.8,174.3 383.8,185.5 380,188.8 379.5,199.8 
	383.8,200.3 380,209.3 381.3,216 382.5,223.5 381.3,230.3 373.8,228.6 370.5,245 "/>
<polygon class="st3" points="382.8,174.3 370.3,177.3 367.3,172 363,171 364.8,165.8 363.3,163.8 353.8,163.8 351.3,166.5 
	349.5,160.5 341,148.5 340.5,144.3 347.8,139.3 346.8,133.8 340.5,125.8 343.8,119.4 344,109 344,104.5 348.5,104 348.5,90.5 
	354.5,84.5 365.5,81.5 373.5,81 378.5,85.5 378.5,97 384.5,97 382,105.5 388,114.5 396.5,113.9 396.5,131.3 394,137.5 399.5,136 
	399.5,145.8 390.5,167.8 389,172 "/>
<polygon class="st3" points="370.5,245 373.8,228.6 381.3,230.3 382.5,223.5 380,209.3 383.8,200.3 379.5,199.8 380,188.8 
	383.8,185.5 382.8,174.3 389,172 399.5,145.8 399.5,136 394,137.5 396.5,131.3 396.5,113.9 401.5,113.5 406.5,110 409,104 
	418.5,104.5 427,109.5 427,117 441.5,128.5 441.5,135 436,141.5 438,146 434,154.5 434,163.5 427,179 434.5,183 438.5,185.5 
	437.5,197 428.5,197 425,204.5 416.5,201 418,196.5 412.5,201.5 412,211.5 419,215.5 427,224 417.5,234 401.5,241 406,251 "/>
<polygon class="st1" points="127.5,130 119.5,130 110,119 105,121.5 101.5,127.8 99.5,116.5 91,107 82,107 88,92 82,83.5 82,68.5 
	100.5,52.5 116.5,49.5 120.5,39 108,33 110,23 114.5,23 113,13 120.5,13 120.5,18.5 132,13 140.7,13 145,9 152.5,14 158.5,11.5 
	177.5,23.5 173.5,29.5 168,31.5 165,44.5 155.5,47 155,55 141.5,64 140,69.5 135.5,81.5 142.5,86 140,99.5 129.8,107 129.8,118.5 
	"/>
<polygon class="st3" points="102.5,179.5 102.5,175.5 110,166.5 119,151.5 116,143.5 125,143 125,138 133,133.5 127.5,130 
	129.8,118.5 129.8,107 140,99.5 142.5,86 148.5,84.8 148.5,81 157.5,77.5 162,82.5 162,87.8 159.8,88 159.8,93.3 163.3,93.8 
	165.3,100.5 170.3,102.3 170.3,105.8 167.3,120.5 162,141.5 168,152.5 170.3,161.8 170.3,173 167.5,176.5 175.5,186 182.5,187.8 
	185.3,187.8 181.5,197.5 164.5,191 156,185 123,182 "/>
<polygon class="st1" points="162,82.5 157.5,77.5 148.5,81 148.5,84.8 142.5,86 135.5,81.5 140,69.5 141.5,64 155,55 155.5,47 
	165,44.5 168,31.5 173.5,29.5 177.5,23.5 183,25.5 193,17.5 198.5,24.5 198.5,30.8 208.5,35 211.5,44 218,48 218,55 231,55.5 
	243,72 246.5,65 250,63 258,68.5 268.5,86.5 268.5,90 265.8,92.8 254.5,92.8 239.3,99.8 232.3,102.5 219.8,102.5 213,105 202,89.5 
	189,81 180,81.5 177.5,78.8 172.8,82.3 170.8,79.8 "/>
<polygon class="st3" points="183.5,81.3 189,81 202,89.5 213,105 219.8,102.5 219.8,105 214.5,113 215,117.5 219.8,118.3 
	222.8,120.8 222.8,128.1 235.5,137.5 235.5,145 235.5,149.8 228.8,153 223.5,153 220,157.8 211,153.3 204.3,145.8 204.5,139.3 
	200.3,128.3 195.3,126.5 190.8,119.4 185.3,117 185.3,113 188.8,110.8 186.8,105 183.5,102.3 183.5,93.5 185.3,91.3 "/>
<rect class="st2" width="450" height="260"/>
<polygon class="st3" points="175.5,186 167.5,176.5 170.3,173 170.3,161.8 168,152.5 162,141.5 167.3,120.5 170.3,105.8 
	170.3,102.3 165.3,100.5 163.3,93.8 159.8,93.3 159.8,88 162,87.8 162,82.5 170.8,79.8 172.8,82.3 177.5,78.8 180,81.5 183.5,81.3 
	185.3,91.3 183.5,93.5 183.5,102.3 186.8,105 188.8,110.8 185.3,113 185.3,117 190.8,119.4 195.3,126.5 200.3,128.3 204.5,139.3 
	204.3,145.8 195.8,153 196,159.8 187,160.3 183.5,165.8 185.3,168.8 187,175.3 179,186.6 "/>
<polygon class="st3" points="179,186.6 187,175.3 185.3,168.8 183.5,165.8 187,160.3 196,159.8 195.8,153 204.3,145.8 211,153.3 
	220,157.8 223.5,153 228.8,153 232.5,157.8 230,163.5 231.3,166.2 236.7,166.2 243.8,175.5 241.8,185.3 243.3,195.7 248.5,198.8 
	248.5,203.8 244.3,206.3 246.3,216.5 239.8,221 238.5,228.6 230.5,224 234.5,220.5 225,215 218,215 200,209.5 181.5,197.5 
	185.3,187.8 182.5,187.8 "/>
</svg>
